[*] '/home/hu/lab3/gotoku.local'
    Arch:     amd64-64-little
    RELRO:    Partial RELRO
    Stack:    No canary found
    NX:       NX enabled
    PIE:      PIE enabled
    RUNPATH:  b'.'
main = 0x16c89
115376,
120080,
115264,
120120,
115720,
120496,
115672,
119200,
124096,
120824,
116008,
120880,
116064,
120936,
116760,
121560,
116888,
121712,
116872,
114760,
119624,
114808,
119672,
114856,
119704,
115480,
120336,
115600,
120472,
123280,
118488,
123368,
118504,
123408,
118592,
123472,
119112,
123960,
119272,
117168,
121976,
117184,
122072,
117216,
122096,
117264,
122144,
117944,
122816,
117176,
122040,
117248,
122112,
117112,
121944,
117128,
121968,
117288,
122184,
120784,
116016,
120888,
115904,
120680,
115936,
120704,
116072,
120944,
115960,
119680,
114768,
119512,
114696,
119552,
114712,
119712,
114912,
119632,
114752,
123416,
118440,
123224,
118464,
123256,
118608,
123488,
118496,
123360,
118192,
121936,
117120,
121960,
117280,
122176,
117192,
122008,
116960,
121760,
117272,
122936,
117976,
122808,
118384,
123144,
118240,
123200,
118448,
123216,
118456,
124024,
119104,
124032,
119128,
123952,
119472,
124264,
119368,
124304,
119504,
120416,
115520,
120352,
115544,
120384,
115464,
120656,
115816,
120576,
115840,
121600,
116824,
121624,
116752,
121640,
116768,
121552,
117064,
121872,
116992,
118352,
122864,
118016,
122888,
117936,
122928,
117968,
122800,
118376,
123136,
118176,
123208,
118408,
123168,
118312,
123184,
118280,
123104,
118544,
123440,
124328,
119480,
124288,
119416,
124312,
119392,
124248,
119688,
114816,
119376,
115888,
120632,
115808,
120648,
115776,
120608,
116000,
120896,
115752,
120872,
121880,
117040,
121904,
117016,
121848,
117208,
122120,
117000,
122104,
117344,
123176,
118272,
123096,
118536,
123432,
118248,
123400,
118656,
123464,
118600,
122448,
117784,
122480,
117640,
122904,
118008,
122792,
118048,
122976,
118064,
116608,
121296,
116504,
121656,
116808,
121568,
116840,
121696,
116864,
121704,
120168,
115232,
120184,
115256,
120056,
115552,
120400,
115472,
120424,
115560,
123816,
118960,
123712,
118968,
123752,
118856,
124064,
119152,
123968,
119168,
117680,
122544,
117720,
122440,
117776,
122472,
117632,
122896,
118000,
122784,
121632,
116552,
121360,
116584,
121272,
116600,
121288,
116496,
121648,
116800,
123936,
119192,
124072,
119160,
124008,
119176,
123976,
119136,
124176,
119320,
118056,
122952,
118032,
122872,
118040,
122832,
117984,
123024,
118200,
122824,
121680,
116816,
121608,
116848,
121584,
116784,
121728,
116968,
121576,
116952,
115512,
120392,
115536,
120360,
115496,
120528,
115728,
120344,
115704,
120600,
122160,
117752,
122520,
117624,
122584,
117816,
122616,
117840,
122552,
117200,
118624,
123560,
118672,
123456,
118992,
123792,
118888,
123832,
119008,
123880,
115048,
119816,
114880,
120208,
115288,
120064,
115320,
120224,
115384,
120248,
121048,
116096,
121080,
116128,
120904,
116616,
121344,
116512,
121376,
116656,
117416,
122264,
117304,
122328,
117328,
122152,
117744,
122512,
117616,
122576,
123520,
118712,
123544,
118616,
123552,
118664,
123448,
118984,
123784,
118880,
120152,
114952,
119880,
115000,
119744,
115040,
119808,
114872,
120200,
115280,
115200,
120192,
115352,
120136,
115272,
120176,
115240,
120112,
115440,
120328,
121392,
116640,
121352,
116568,
121384,
116528,
121328,
116704,
121544,
116520,
117792,
122560,
117704,
122568,
117664,
122496,
117904,
122776,
117648,
122768,
121824,
116984,
122288,
117400,
122136,
117448,
122376,
117504,
122392,
117424,
115744,
121096,
116216,
120920,
116288,
121152,
116344,
121168,
116240,
120504,
124200,
119464,
124240,
119360,
115072,
119864,
114904,
119888,
115120,
119960,
118368,
123072,
118216,
123600,
118696,
123480,
118728,
123632,
118768,
123648,
117056,
121800,
117096,
121816,
116976,
122280,
117392,
122128,
117440,
122368,
120624,
115832,
120568,
115856,
120584,
115736,
121088,
116208,
120912,
116280,
119408,
124272,
119440,
124192,
119456,
124232,
119352,
115064,
119856,
114896,
123536,
118304,
123152,
118344,
123048,
118360,
123064,
118208,
123592,
118688,
120832,
116304,
121128,
116248,
121016,
116296,
120960,
116176,
121216,
116488,
115056,
119928,
114984,
119824,
115008,
119752,
114944,
120040,
115216,
119728,
117160,
122032,
117240,
122064,
117256,
122088,
118760,
123576,
118784,
123624,
123328,
118528,
123352,
118584,
123392,
119952,
115032,
119992,
115112,
119848,
116152,
119544,
114744,
119584,
114800,
119616,
114848,
119664,
116336,
121120,
120736,
115952,
120776,
115992,
120800,
116048,
120864,
117488,
122320,
117536,
122080,
118752,
123568,
118776,
123616,
118680,
123528,
118720,
123608,
118832,
118576,
123384,
119944,
115024,
119984,
115104,
119840,
114976,
119904,
115080,
119608,
114840,
119656,
116328,
121112,
116368,
121144,
116200,
121032,
116272,
115984,
120792,
116040,
120856,
117480,
122312,
117528,
122352,
117384,
122248,
118128,
123000,
118088,
122840,
118648,
122000,
117152,
122024,
117232,
122056,
124120,
119232,
123984,
119776,
123304,
118480,
123320,
118520,
123344,
118568,
116912,
121752,
116928,
121784,
116944,
123240,
118400,
123272,
118432,
123120,
121840,
115616,
120488,
115640,
120520,
115664,
120552,
115696,
121928,
117088,
124128,
119296,
124136,
119312,
124152,
119336,
124168,
120672,
115872,
120720,
118184,
114688,
119448,
114720,
119496,
124256,
119424,
124296,
119488,
114776,
121776,
116936,
123232,
118392,
123264,
118424,
123112,
118320,
123160,
118416,
115656,
120544,
115688,
121920,
117080,
121952,
117104,
121864,
117048,
121896,
119304,
124144,
119328,
124160,
120664,
115864,
120712,
115896,
120616,
115824,
123896,
119040,
123872,
118928,
124208,
118144,
123008,
118160,
123016,
118168,
117832,
122608,
117672,
123056,
116896,
121720,
116904,
121744,
116920,
121768,
121424,
116544,
121832,
115608,
120480,
115632,
120512,
115648,
120536,
115680,
117952,
121456,
116688,
121480,
116720,
121504,
116744,
121528,
118104,
122920,
122688,
117856,
122712,
117896,
122736,
117920,
122760,
119224,
124048,
119264,
119088,
115568,
120432,
115592,
120456,
115504,
120408,
115528,
120440,
115712,
115456,
120320,
116856,
121664,
116880,
121688,
116792,
121616,
116832,
121672,
121496,
116736,
121520,
118096,
122912,
118136,
122960,
117992,
122880,
118024,
117888,
122728,
117912,
122752,
119216,
124040,
119256,
124080,
119144,
124016,
115168,
119968,
115136,
119792,
115488,
119048,
123912,
119072,
123944,
119080,
121176,
116352,
120976,
116776,
120280,
115408,
120304,
115432,
120312,
115448,
117496,
122224,
117960,
121448,
116680,
121472,
116712,
121488,
116728,
121512,
123504,
119120,
122680,
117848,
122704,
117880,
122720,
117928,
122744,
119208,
116392,
121200,
116432,
121240,
116456,
121264,
116480,
122640,
117768,
122672,
115208,
121408,
116624,
121432,
116648,
121336,
116576,
121368,
116632,
121536,
118848,
123696,
120232,
115336,
120256,
115368,
120128,
115312,
120160,
115344,
117584,
122432,
117600,
123864,
118976,
123888,
119000,
123776,
118936,
123824,
121232,
116448,
121256,
116472,
122632,
117760,
122664,
117800,
122504,
117712,
120752,
115928,
120696,
115792,
121312,
115160,
120016,
115184,
120032,
115192,
114704,
119520,
124224,
120088,
123664,
118808,
123680,
118824,
123688,
118840,
123248,
118296,
123744,
117552,
122408,
117568,
122416,
117576,
122424,
117592,
117032,
122464,
116384,
121192,
116424,
121224,
116440,
121248,
116464,
122624,
115912,
120760,
115880,
120744,
115920,
120688,
115784,
121304,
115152,
120008,
118560,
123376,
119936,
115016,
119976,
115096,
119832,
114968,
119896,
115088,
119600,
114832,
119648,
116320,
121104,
116360,
121136,
116192,
121024,
116264,
115976,
120816,
116032,
120848,
117472,
122304,
117520,
122344,
117376,
122240,
118120,
122992,
118080,
122856,
118640,
121992,
117144,
122016,
117224,
122048,
124112,
119248,
124000,
119768,
123296,
118472,
123312,
118512,
123336,
118552,
115584,
120376,
116144,
119536,
114736,
119576,
114792,
119592,
114824,
119640,
121592,
117336,
120728,
115944,
120768,
115968,
120808,
116024,
120840,
117464,
122968,
118152,
122944,
118112,
122984,
118072,
122848,
118632,
121984,
117136,
119184,
124088,
119288,
124056,
119280,
124104,
119240,
123992,
119760,
123288,
120448,
115624,
120464,
115576,
120368,
116136,
119528,
114728,
119568,
114784,
123736,
118872,
123768,
118904,
114920,
119784,
114864,
119720,
114992,
119920,
120072,
116120,
120992,
116088,
120952,
116256,
121072,
116184,
121040,
116400,
116536,
121280,
117320,
122216,
117296,
122192,
117432,
122296,
117368,
122256,
122648,
117808,
122656,
117824,
122696,
117872,
122536,
117696,
122600,
117736,
119024,
123904,
119032,
123928,
119064,
123808,
118920,
123848,
118952,
123728,
115360,
120216,
115392,
120240,
115400,
120272,
115424,
120296,
115304,
120104,
121400,
116664,
121416,
116672,
121440,
116696,
121464,
116560,
121320,
116592,
117864,
122528,
117688,
122592,
117728,
122456,
117608,
122488,
117656,
123424,
123920,
119056,
123800,
118912,
123840,
118944,
123720,
118864,
123760,
118896,
120264,
115416,
120288,
115296,
120096,
115328,
120144,
115224,
120048,
115248,
122272,
117312,
122168,
117360,
122208,
118264,
123088,
118232,
123040,
118336,
116080,
120984,
116112,
121808,
117024,
121792,
117008,
121888,
117072,
121856,
119736,
114888,
119800,
114928,
120592,
115800,
120560,
115760,
120640,
115848,
123496,
119384,
124216,
119344,
124184,
119432,
124320,
119400,
124280,
119560,
117352,
122200,
118256,
123080,
118224,
123032,
118328,
123192,
118288,
123128,
121160,
116312,
121184,
116376,
121208,
116416,
121008,
116168,
121064,
116232,
115128,
120000,
115144,
120024,
115176,
119872,
114936,
119912,
114960,
119696,
118736,
123584,
118744,
123640,
118792,
123656,
118816,
123672,
118704,
123512,
122336,
117512,
122360,
117544,
122384,
117560,
122400,
117408,
122232,
117456,
116408,
121000,
116160,
121056,
116224,
120928,
116056,
120968,
116104,
121736,
121912,
